|_______________________________________________________________________________________________________________________________________________________________________|
|Metodos de ordenação	|comp ORD	|mov ORD	|tempo ORD	|comp REV	|mov REV	|tempo REV	|comp RAND	|mov RAND	|tempo RAND	|
|_______________________________________________________________________________________________________________________________________________________________________|
|Insercao_Direta	|30		|10		|173		||75		|20		|226		||23		|7		|110		|
|Insercao_Binaria	|77		|0		|342		||35		|0		|147		||37		|2		|166		|
|Selecao_direta 	|55		|20		|0		||15		|10		|172		||15		|10		|172		|
|Ordenacao Bolha	|55		|0		|641		||15		|0		|172		||15		|0		|173		|
|Ordenacao Shake	|55		|0		|639		||15		|0		|167		||15		|0		|165		|
|Ordenacao Shell	|73		|0		|292		||43		|0		|120		||43		|0		|123		|
|Ordenacao Heap 	|90		|20		|970		||27		|10		|329		||27		|10		|305		|
|Ordenacao QuickComPivo	|63		|14		|307		||26		|6		|126		||32		|8		|151		|
|Ordenacao QuickSemPivo	|285		|0		|464		||105		|0		|169		||105		|0		|165		|
|MERGE 2° Implementação	|244		|39		|537		||109		|16		|219		||110		|16		|225		|
|Ordenacao Counting	|90		|11		|235		||50		|6		|128		||52		|6		|128		|
|Ordenacao Bucket	|199		|22		|178		||129		|12		|94		||131		|12		|97		|
|Ordenacao Radix	|388		|33		|179		||207		|18		|97		||209		|18		|97		|
|Ordenacao Comb 	|211		|18		|553		||85		|0		|151		||85		|0		|150		|
|Ordenacao Gnome	|21		|0		|108		||21		|0		|54		||11		|0		|55		|
|_______________________________________________________________________________________________________________________________________________________________________|